hello ((1, 1416), (1, 4001), (1, 2006), (1, 1351)) 15320205000000
hello ((2663, 4001), (1, 4001), (1, 2006), (1, 1351)) 14486526000000
out ((1416, 2663), (1, 4001), (1, 2006), (1, 1351)) 13501269000000
split 2090 letter is m
original ((1, 4001), (1, 4001), (2006, 4001), (1, 1351))
r1 ((1, 4001), (2091, 4001), (2006, 4001), (1, 1351))
r2 ((1, 4001), (1, 2091), (2006, 4001), (1, 1351))
hello ((1, 4001), (2091, 4001), (2006, 4001), (1, 1351)) 20576430000000
out ((1, 4001), (1, 2091), (3334, 4001), (1, 537)) 2988800320000
out ((1, 4001), (1, 2091), (2006, 3334), (1, 537)) 5950714880000
out ((2441, 4001), (1, 2091), (2006, 4001), (537, 1351)) 5294661372000
hello ((1, 2441), (1, 2091), (2006, 4001), (537, 1351)) 8281393428000
hello ((1, 4001), (1, 4001), (1, 4001), (3449, 4001)) 35328000000000
split 1548 letter is m
original ((1, 4001), (1, 4001), (1, 4001), (2771, 3449))
r1 ((1, 4001), (1549, 4001), (1, 4001), (2771, 3449))
r2 ((1, 4001), (1, 1549), (1, 4001), (2771, 3449))
hello ((1, 4001), (1549, 4001), (1, 4001), (2771, 3449)) 26599296000000
hello ((1, 4001), (1, 1549), (1, 4001), (2771, 3449)) 16792704000000
split 838 letter is m
original ((1, 4001), (1, 1801), (1, 4001), (1351, 2771))
r1 ((1, 4001), (839, 1801), (1, 4001), (1351, 2771))
r2 ((1, 4001), (1, 839), (1, 4001), (1351, 2771))
hello ((1, 4001), (839, 1801), (1, 4001), (1351, 2771)) 21856640000000
out ((1, 4001), (1, 839), (1717, 4001), (1351, 2771)) 10871474560000
hello ((1, 4001), (1, 839), (1, 1717), (1351, 2771)) 8167885440000
out ((1, 4001), (1801, 4001), (1, 4001), (1351, 2771)) 49984000000000
second star 167409079868000
